,scores,names,logfoldchanges,pvals,pvals_adj
0,12.434986,Nefh,6.4486375,1.4284861176050331e-25,4.836996842822403e-21
1,11.978182,S100b,6.6838565,2.769105364959911e-24,4.6882338381453776e-20
2,11.766717,Lynx1,5.3009253,1.2109727977150932e-23,1.3668249967810256e-19
3,11.331326,Thy1,5.7033978,2.3038117896877317e-22,1.950234275265407e-18
4,10.842384,Nefm,5.7783523,5.233649862890981e-21,3.54433236014703e-17
5,10.667709,Pcp4,6.4286947,1.3010356900973849e-20,7.342394917064591e-17
6,10.628745,Sh3bgr,6.7117195,2.4642218979002926e-18,6.8342415540521474e-15
7,10.614329,Faim2,6.1819763,5.866330087981075e-19,2.48299753886409e-15
8,10.608433,Clec2l,6.6073995,9.446379819956555e-19,3.4927500926366076e-15
9,10.390982,Cntnap2,5.746591,1.2240439728545859e-18,3.76794117862083e-15
10,10.381055,Lgi3,5.6242375,1.0314964391590939e-18,3.4927500926366076e-15
11,10.19281,Sv2b,5.3934093,2.7080046409551536e-18,6.8342415540521474e-15
12,10.129649,Tmem229b,5.616665,8.700488938613106e-18,1.9640483730025226e-14
13,9.936948,Hs3st2,6.096798,8.87343338959622e-17,1.58138593686904e-13
14,9.89481,Fam57b,4.9024005,2.82565139117953e-18,6.8342415540521474e-15
15,9.892648,Pvalb,7.5163527,1.0634353293142058e-16,1.8004491842954162e-13
16,9.771469,Nsg1,5.8402185,3.809709135445323e-17,7.588268296194947e-14
17,9.612845,Endod1,4.726418,1.2799219530407772e-17,2.70871482824461e-14
18,9.450735,Kcna1,4.9360046,4.0390985821935806e-17,7.598217616203158e-14
19,9.382328,Vsnl1,5.575348,3.4118163561034164e-16,5.501310173048466e-13
20,9.336845,Unc80,5.22437,8.750271367688391e-16,1.1851717551251865e-12
21,9.262789,Strbp,4.5559187,4.2763002897036756e-16,6.581809277711644e-13
22,9.208794,Car2,5.9336386,1.4339080663386248e-15,1.7982800383071176e-12
23,9.075375,Spp1,6.3774714,8.154377460495251e-15,7.669871533050825e-12
24,9.04321,Scn8a,4.5971556,1.140178104466899e-15,1.4849065690520641e-12
25,9.010193,Slc17a7,5.540791,7.387639064458127e-15,7.357436657694608e-12
26,8.986015,Fgf1,4.430049,5.829090156414706e-16,8.581687903754712e-13
27,8.959003,Hopx,4.4692245,7.428946578536687e-16,1.0481315003992947e-12
28,8.863491,Scn1b,4.1748004,2.0536591511393365e-15,2.397894914369968e-12
29,8.81893,Atp1b1,4.2909756,1.4956699532861582e-15,1.8087457245793786e-12
30,8.783919,Wls,5.9234033,3.770380288156894e-14,3.0397344508876335e-11
31,8.765389,Scn1a,5.0215673,7.757909990746703e-15,7.50544543419069e-12
32,8.725485,Vamp1,5.464236,4.146076892403116e-15,4.528719666247158e-12
33,8.687939,Tuba4a,5.1970773,5.571017843685292e-15,5.716370763788717e-12
34,8.648189,Syt2,4.0452805,2.1989375105214943e-14,1.90918520625047e-11
35,8.637142,Gm16551,6.776012,1.6747287793815842e-13,1.2065530042263793e-10
36,8.609617,Pygb,3.972476,5.095291868225634e-15,5.391614935937131e-12
37,8.512577,Rell2,3.7410743,1.4572472715794628e-14,1.3336175638635728e-11
38,8.453799,Atp11a,4.5327883,3.024939027537499e-14,2.498230741742616e-11
39,8.431768,Ldhb,4.8363423,1.7324201864685802e-14,1.543723156158226e-11
40,8.366315,Sparcl1,5.340554,9.056246598579763e-14,6.814523690544652e-11
41,8.366295,Nefl,4.2177334,2.447375790305237e-14,2.0717647908881406e-11
42,8.332336,Clu,5.244158,3.9406339979619654e-14,3.103111809418375e-11
43,8.220187,Myh10,4.6584945,2.485907049177816e-13,1.7536520540043754e-10
44,8.170199,Nat8l,3.9265556,7.874629516813065e-14,6.060064319745619e-11
45,8.137867,Accn2,6.3726845,1.2577302208893597e-12,7.04661180889017e-10
46,8.105673,Scn4b,4.473243,1.6714800216210664e-13,1.2065530042263793e-10
47,8.103985,Tmem47,5.775267,4.3828022801620647e-13,2.853962846318609e-10
48,8.056295,Etv1,4.865893,8.22250460302304e-13,4.884600497595845e-10
49,8.0200405,Kcns1,4.7844524,1.3210837520143841e-12,7.215034988219203e-10
50,8.00489,Chgb,4.1745396,3.19032713071624e-13,2.2046462647588288e-10
51,7.975873,Cntnap1,4.0464406,5.704141488062711e-13,3.5768136097646563e-10
52,7.9640145,Hapln4,5.106047,2.1406847965296284e-12,1.0818765357505932e-09
53,7.9558063,Ntrk3,4.0032487,4.962984666929962e-13,3.1707853548474613e-10
54,7.926637,Hhatl,5.163258,1.820475743281184e-12,9.483558329729873e-10
55,7.898602,Clstn3,5.082386,2.044255971958624e-12,1.048796234340772e-09
56,7.8951845,Cplx1,4.3066163,3.6184671427542024e-13,2.4312251793375664e-10
57,7.892045,Fbxo2,3.6212628,3.6618081021297624e-13,2.4312251793375664e-10
58,7.8320456,Fam19a2,4.754513,1.1679781364218415e-12,6.818777185755168e-10
59,7.8207784,Iqsec1,4.330037,1.6836401098175187e-12,8.907771524770469e-10
60,7.810485,Lcp1,4.325466,1.4842351091677285e-12,7.977410322464834e-10
61,7.79032,Camk2g,3.5327978,6.69242855659966e-13,4.1202240610003834e-10
62,7.775395,Laptm4b,4.059147,1.1991439510751425e-12,6.882070055483966e-10
63,7.758114,Kcnc1,4.763375,5.75544740323727e-12,2.669660335904345e-09
64,7.707902,Atp2b2,4.090499,1.2694348080160077e-12,7.04661180889017e-10
65,7.68137,Palm3,4.6115656,4.833611848047977e-12,2.27320737203823e-09
66,7.597206,Gas6,4.1267323,3.511987845827088e-12,1.6988488635364433e-09
67,7.591341,Arap2,5.1164446,1.4540929141314997e-11,5.9321735139044235e-09
68,7.5903788,Rasl10b,4.4962187,7.432729424502913e-12,3.24601584770065e-09
69,7.5763164,Glrb,4.0783863,4.187175400633021e-12,1.996928820293447e-09
70,7.573391,Ckmt1,5.1271358,2.745271895010562e-12,1.3472123425645312e-09
71,7.552343,Fxyd7,4.4339933,2.6125038214340795e-12,1.3009116455526377e-09
72,7.539672,Sulf2,4.7804346,2.0596542594753187e-11,8.109529404662066e-09
73,7.537682,Kcnk1,4.486472,7.809377590540323e-12,3.347257399915011e-09
74,7.5097404,Pak1,4.0733514,7.477311246586063e-12,3.24601584770065e-09
75,7.4733152,Mcam,3.872091,5.978158713025445e-12,2.7354923267804678e-09
76,7.467499,Gpr158,4.298092,1.0999989656063387e-11,4.54232499687759e-09
77,7.4662213,Slit2,6.1268964,4.585335011584826e-11,1.6343581981818295e-08
78,7.4288917,Hebp2,3.7311356,6.5535120229636404e-12,2.9587796081276247e-09
79,7.4119935,Dlg2,4.5991836,2.436193380130826e-11,9.374084550523852e-09
80,7.385784,Ndst4,5.7519574,6.093235869247935e-11,2.0428025719663796e-08
81,7.3806453,Cntn1,3.7984517,6.9524317956513095e-12,3.097582803059855e-09
82,7.363761,Nkiras1,3.4393,7.950427469505538e-12,3.3651178068115877e-09
83,7.3547587,Pth1r,4.980188,5.656883106875638e-11,1.9154771888191597e-08
84,7.3366833,Lrrc49,3.1704805,9.055258296618203e-12,3.785433347923321e-09
85,7.2741375,6430548M08Rik,3.7247517,1.9519453576830153e-11,7.868431161488641e-09
86,7.2739005,Anp32a,3.8788044,1.976880526183333e-11,7.875194293775746e-09
87,7.226239,Cabp1,3.6647108,2.9136790973978596e-11,1.108540313674033e-08
88,7.2155952,Nfasc,3.924998,3.897079336181502e-11,1.4343369935048025e-08
89,7.187828,Eno2,3.80034,2.1102374244833545e-11,8.213189589704696e-09
90,7.183869,Kcnh2,4.1603355,5.649373473348586e-11,1.9154771888191597e-08
91,7.164941,Slc24a2,3.9452024,2.990623923948333e-11,1.1251724076534944e-08
92,7.1512756,Ache,4.1263165,5.045073045360648e-11,1.7611465813294524e-08
93,7.1370664,Sema3f,5.0152516,1.6898275972195302e-10,4.932694161159527e-08
94,7.1319404,Spock1,3.6438487,3.2027482997763135e-11,1.1917391228431401e-08
95,7.1260967,Adam23,3.992021,4.080784919768961e-11,1.4858006254655569e-08
96,7.1252513,Pnmal2,4.7968335,1.5652558322824024e-10,4.649221731308283e-08
97,7.1128354,Epb4.1l1,4.5911894,7.622919022806268e-11,2.4582824860118385e-08
98,7.1072354,Sncb,3.4862561,4.942343078278581e-11,1.743257072641573e-08
99,7.098951,Serpini1,4.132136,6.701122433102175e-11,2.2245755559536542e-08
